v = @ (x) b0 + b1*(x-x0);
b0 = 362.78;
x0 = 15;
x1 = 20;
fx0 = 362.78;
fx1 = 517.35;
b1 = (fx1-fx0)/(x1-x0);
ans = v(16);
ans
