v = @ (x) b0 + b1*(x - x0)+ b2 * ((x-x0) * (x-x1));
b0 = 227.04;
x0 = 10;
x1 = 15;
x2 = 20;
fx0 = 227.04;
fx1 = 362.78;
fx2 = 517.35;
b1 = (fx1 - fx0)/(x1 - x0);
a = (fx2 - fx1) / (x2 - x1);
b2 = (a - b1) / (x2 - x0);
ans = v(16);
ans
